max = 5.695900 ; min = -0.537800

t; a_z 
606.000000; 0.932900 
608.001000; 0.932900 
610.002000; 0.937300 
612.003000; 0.931800 
614.004000; 0.941700 
616.005000; 0.936200 
620.007000; 0.937300 
622.008000; 0.940600 
624.009000; 0.934000 
626.010000; 0.939500 
628.011000; 0.934000 
632.013000; 0.937300 
640.017000; 0.937300 
642.018000; 0.941700 
644.019000; 0.936200 
646.020000; 0.940600 
648.021000; 0.936200 
650.022000; 0.936200 
651.766000; 0.941700 
655.493000; 0.936200 
657.493000; 0.937300 
659.134000; 0.934000 
661.135000; 0.937300 
663.136000; 0.931800 
667.138000; 0.940600 
671.140000; 0.931800 
673.141000; 0.938400 
679.144000; 0.930700 
681.145000; 0.930700 
683.148000; 0.930700 
685.149000; 0.932900 
687.150000; 0.927400 
691.152000; 0.931800 
693.153000; 0.929600 
695.154000; 0.929600 
701.157000; 0.939500 
705.159000; 0.929600 
708.505000; 0.936200 
710.193000; 0.928500 
711.980000; 0.929600 
715.735000; 0.926300 
717.689000; 0.930700 
719.274000; 0.927400 
722.419000; 0.930700 
723.908000; 0.930700 
727.871000; 0.935100 
729.516000; 0.930700 
731.325000; 0.930700 
732.977000; 0.932900 
736.644000; 0.924100 
740.616000; 0.932900 
744.157000; 0.929600 
746.122000; 0.929600 
747.768000; 0.935100 
749.472000; 0.930700 
750.995000; 0.930700 
755.970000; 0.924100 
759.600000; 0.931800 
761.523000; 0.926300 
763.293000; 0.926300 
767.048000; 0.932900 
768.997000; 0.937300 
770.948000; 0.931800 
772.904000; 0.934000 
776.773000; 0.898800 
780.566000; 1.077000 
782.563000; 0.733800 
784.563000; 1.111100 
786.527000; 0.796500 
788.489000; 1.097900 
790.248000; 0.775600 
792.029000; 1.017600 
794.027000; 0.908700 
795.701000; 1.117700 
797.690000; 0.798700 
799.671000; 1.073700 
801.504000; 0.805300 
803.324000; 1.084700 
805.180000; 0.780000 
807.179000; 1.035200 
809.040000; 0.799800 
810.932000; 1.050600 
812.857000; 0.819600 
814.785000; 1.056100 
816.686000; 0.774500 
818.680000; 1.019800 
820.547000; 0.939500 
824.492000; 1.004400 
826.344000; 0.855900 
828.160000; 1.068200 
830.102000; 0.792100 
831.913000; 1.097900 
833.902000; 0.761300 
835.839000; 1.077000 
837.576000; 0.787700 
839.491000; 1.124300 
841.198000; 0.791000 
843.097000; 1.078100 
844.943000; 0.808600 
846.736000; 1.064900 
848.525000; 0.842700 
850.524000; 1.079200 
852.309000; 0.846000 
857.614000; 0.930700 
861.352000; 0.924100 
865.310000; 0.927400 
867.109000; 0.930700 
870.873000; 0.924100 
874.607000; 0.929600 
876.404000; 0.927400 
878.186000; 0.928500 
880.161000; 0.927400 
885.457000; 1.432300 
887.242000; 0.573200 
889.027000; 1.159500 
890.639000; 0.750300 
894.496000; 1.008800 
896.608000; 0.884500 
898.065000; 0.943900 
899.839000; 0.733800 
908.367000; 1.507100 
919.369000; 0.308100 
923.124000; 0.997800 
925.056000; 0.774500 
927.033000; 0.961500 
928.837000; 0.587500 
934.496000; 1.152900 
936.399000; 0.766800 
943.420000; 1.030800 
946.644000; 0.923000 
948.203000; 0.924100 
950.091000; 0.786600 
951.135000; 1.075900 
952.526000; 0.795400 
954.163000; 0.992300 
956.164000; 0.693100 
958.165000; 1.001100 
960.166000; 0.953800 
962.167000; 1.011000 
965.322000; 0.784400 
967.323000; 1.204600 
971.325000; 0.880100 
973.326000; 1.027500 
977.328000; 0.792100 
979.329000; 1.081400 
981.330000; 0.821800 
983.331000; 0.939500 
987.333000; 0.736000 
989.597000; 1.056100 
992.757000; 0.826200 
994.758000; 1.046200 
994.878000; 0.818500 
996.879000; 1.095700 
998.880000; 0.755800 
1000.881000; 1.222200 
1006.884000; 0.771200 
1008.503000; 1.004400 
1009.965000; 0.924100 
1011.966000; 1.039600 
1015.634000; 0.684300 
1019.636000; 1.114400 
1021.637000; 0.819600 
1027.641000; 1.325600 
1035.645000; 0.675500 
1039.647000; 0.937300 
1041.648000; 0.849300 
1043.599000; 1.093500 
1045.588000; 1.002200 
1049.310000; 1.156200 
1051.286000; 0.978000 
1055.211000; 1.172700 
1057.208000; 1.137500 
1061.058000; 1.478500 
1073.519000; 0.351000 
1085.088000; 1.025300 
1091.091000; 0.894400 
1099.095000; 1.357500 
1105.096000; 0.817400 
1109.098000; 0.877900 
1111.099000; 0.858100 
1114.341000; 0.920800 
1121.338000; 0.782200 
1123.339000; 0.833900 
1125.917000; 0.720600 
1133.589000; 0.914200 
1135.590000; 0.894400 
1137.524000; 0.970300 
1145.295000; 0.727200 
1152.502000; 1.016500 
1156.504000; 0.890000 
1158.505000; 0.984600 
1168.511000; 0.848200 
1170.512000; 0.894400 
1173.935000; 0.830600 
1181.939000; 0.892200 
1185.941000; 0.749200 
1187.705000; 1.337700 
1188.768000; 0.557800 
1190.437000; 0.991200 
1192.901000; 0.810800 
1198.904000; 1.337700 
1202.381000; 0.909800 
1207.306000; 2.425600 
1213.309000; 2.023000 
1215.310000; 2.130800 
1219.312000; 1.665500 
1221.180000; 2.037300 
1224.888000; 0.632600 
1226.545000; 1.066000 
1229.974000; 0.836100 
1233.330000; 1.277200 
1241.083000; 0.591900 
1249.851000; 0.857000 
1251.007000; 0.821800 
1252.431000; 0.838300 
1254.387000; 0.631500 
1258.723000; 0.949400 
1263.931000; 0.873500 
1265.479000; 0.891100 
1266.758000; 0.848200 
1268.202000; 0.873500 
1270.169000; 0.860300 
1273.457000; 0.904300 
1276.035000; 0.872400 
1278.036000; 0.887800 
1280.037000; 0.877900 
1284.039000; 1.112200 
1286.040000; 0.797600 
1292.178000; 3.101000 
1296.180000; 2.872200 
1300.072000; 4.257100 
1304.003000; 3.002000 
1307.525000; 4.095400 
1313.429000; 0.793200 
1315.430000; 1.068200 
1317.431000; 0.675500 
1319.432000; 0.825100 
1321.433000; 0.732700 
1325.435000; 1.004400 
1327.436000; 0.926300 
1329.437000; 0.973600 
1333.440000; 0.854800 
1335.441000; 1.058300 
1337.442000; 0.949400 
1343.445000; 1.145200 
1351.326000; 0.789900 
1356.572000; 3.036100 
1357.614000; 2.232000 
1363.282000; 3.865500 
1370.128000; 2.845800 
1372.129000; 2.863400 
1376.131000; 0.786600 
1376.411000; 2.098900 
1382.311000; 0.489600 
1388.136000; 0.643600 
1400.819000; 1.011000 
1401.853000; 0.995600 
1403.854000; 1.017600 
1407.856000; 0.643600 
1413.779000; 1.040700 
1415.224000; 0.958200 
1418.082000; 3.601500 
1428.087000; 0.578700 
1434.662000; 1.050600 
1436.663000; 0.952700 
1438.664000; 1.069300 
1442.666000; 0.716200 
1446.668000; 0.960400 
1450.401000; 0.518200 
1453.980000; 2.591700 
1454.927000; 2.259500 
1460.829000; 4.133900 
1462.830000; 3.709300 
1466.810000; 3.957900 
1474.434000; 1.312400 
1476.430000; 1.962500 
1480.280000; 0.679900 
1483.515000; 1.028600 
1485.070000; 0.907600 
1487.071000; 0.926300 
1491.073000; 0.714000 
1501.078000; 4.161400 
1507.081000; 0.849300 
1511.083000; 3.161500 
1513.084000; 0.804200 
1516.846000; 1.085800 
1518.386000; 1.037400 
1519.794000; 1.102300 
1523.463000; 0.752500 
1526.046000; 0.940600 
1527.846000; 0.932900 
1528.277000; 0.934000 
1530.278000; 0.917500 
1534.567000; 1.066000 
1540.570000; 0.971400 
1544.261000; 1.089100 
1547.416000; 0.762400 
1548.816000; 0.876800 
1550.234000; 0.865800 
1553.391000; 0.899900 
1554.375000; 0.879000 
1555.811000; 0.914200 
1557.221000; 0.887800 
1562.895000; 0.945000 
1564.561000; 0.862500 
1566.301000; 0.869100 
1567.592000; 0.818500 
1568.831000; 0.940600 
1571.344000; 0.818500 
1576.059000; 1.084700 
1578.060000; 0.903200 
1584.098000; 0.759100 
1592.102000; 1.123200 
1595.378000; 0.705200 
1608.090000; 1.399300 
1610.016000; 1.323400 
1611.485000; 1.524700 
1618.606000; 0.610600 
1620.607000; 1.148500 
1622.608000; 1.039600 
1624.609000; 1.085800 
1628.611000; 0.734900 
1640.617000; 1.200200 
1644.620000; 0.971400 
1654.625000; 1.207900 
1658.627000; 1.031900 
1660.628000; 1.092400 
1662.629000; 1.086900 
1664.630000; 1.104500 
1670.101000; 0.610600 
1678.946000; 1.489500 
1686.950000; 0.973600 
1688.951000; 1.152900 
1694.954000; 1.111100 
1696.955000; 1.127600 
1698.507000; 1.094600 
1703.470000; 1.625900 
1706.390000; 1.157300 
1709.335000; 1.265100 
1714.795000; 1.145200 
1718.797000; 1.378400 
1720.798000; 1.309100 
1726.801000; 1.400400 
1729.186000; 1.277200 
1731.187000; 1.419100 
1733.428000; 1.011000 
1743.433000; 1.250800 
1747.436000; 1.154000 
1753.357000; 1.255200 
1755.034000; 1.215600 
1758.712000; 1.286000 
1764.050000; 1.099000 
1768.052000; 1.126500 
1776.820000; 0.902100 
1780.767000; 0.983500 
1784.444000; 0.865800 
1792.448000; 1.014300 
1794.449000; 0.949400 
1798.451000; 1.016500 
1800.452000; 1.002200 
1804.454000; 1.234300 
1806.455000; 1.205700 
1812.458000; 1.531300 
1816.460000; 1.271700 
1818.462000; 1.288200 
1826.180000; 1.029700 
1829.370000; 1.053900 
1835.062000; 0.930700 
1842.543000; 1.050600 
1843.960000; 1.036300 
1845.959000; 1.036300 
1850.200000; 1.257400 
1852.201000; 1.137500 
1858.052000; 1.343200 
1859.915000; 1.218900 
1861.786000; 1.228800 
1871.034000; 0.928500 
1874.991000; 1.019800 
1876.263000; 1.013200 
1885.420000; 1.288200 
1893.424000; 1.113300 
1897.426000; 1.150700 
1899.427000; 1.148500 
1901.428000; 1.174900 
1903.429000; 1.173800 
1911.433000; 1.432300 
1915.198000; 1.185900 
1916.805000; 1.214500 
1924.734000; 1.079200 
1926.691000; 1.111100 
1928.656000; 1.102300 
1932.307000; 1.115500 
1938.030000; 1.151800 
1942.909000; 0.893300 
1944.910000; 0.907600 
1948.912000; 0.667800 
1952.914000; 0.919700 
1956.916000; 0.906500 
1958.917000; 0.939500 
1960.918000; 0.882300 
1963.159000; 1.007700 
1964.965000; 0.860300 
1966.446000; 0.896600 
1968.447000; 0.888900 
1970.405000; 0.902100 
1972.193000; 0.874600 
1973.980000; 0.930700 
1975.893000; 0.846000 
1977.856000; 1.321200 
1979.848000; 0.903200 
1982.563000; 1.387200 
1986.565000; 0.917500 
1988.132000; 1.129800 
1991.833000; 1.014300 
1997.316000; 1.247500 
1997.507000; 1.269500 
2007.512000; 0.969200 
2009.513000; 0.972500 
2011.514000; 0.956000 
2016.397000; 1.335500 
2024.351000; 0.948300 
2031.463000; 1.298100 
2035.462000; 1.209000 
2037.427000; 1.222200 
2041.303000; 1.128700 
2043.288000; 1.149600 
2047.525000; 0.910900 
2051.517000; 1.001100 
2055.462000; 0.858100 
2061.672000; 1.262900 
2063.590000; 1.243100 
2065.579000; 1.295900 
2075.403000; 0.948300 
2081.406000; 1.097900 
2083.407000; 1.006600 
2091.235000; 1.822800 
2093.200000; 1.459800 
2095.144000; 1.649000 
2100.181000; 0.994500 
2104.178000; 1.114400 
2108.142000; 0.674400 
2118.095000; 1.605000 
2127.552000; 1.140800 
2130.523000; 1.561000 
2136.415000; 1.048400 
2138.523000; 1.415800 
2144.492000; 1.170500 
2146.489000; 1.205700 
2148.489000; 1.200200 
2152.282000; 1.270600 
2157.222000; 1.047300 
2163.146000; 1.323400 
2165.136000; 1.303600 
2170.446000; 1.738100 
2177.958000; 1.502700 
2182.561000; 4.245000 
2184.562000; 1.746900 
2186.550000; 4.316500 
2187.097000; 3.836900 
2189.098000; 4.218600 
2191.079000; 3.746700 
2193.078000; 3.971100 
2195.034000; 0.960400 
2196.854000; 3.471700 
2198.841000; 3.077900 
2200.794000; 3.424400 
2202.632000; 2.775400 
2204.619000; 3.241800 
2206.594000; 0.523700 
2207.339000; 2.954700 
2209.340000; 2.391500 
2211.322000; 3.308900 
2213.264000; 2.377200 
2215.240000; 3.115300 
2224.296000; 0.370800 
2232.139000; 1.459800 
2234.139000; 1.190300 
2236.129000; 1.237600 
2241.422000; 0.840500 
2243.233000; 0.864700 
2244.975000; 0.819600 
2248.960000; 1.429000 
2250.935000; 1.155100 
2254.809000; 1.745800 
2256.808000; 1.459800 
2262.654000; 2.857900 
2264.522000; 0.957100 
2266.421000; 1.272800 
2270.344000; 0.628200 
2276.217000; 1.173800 
2280.122000; 0.865800 
2282.101000; 0.909800 
2284.036000; 0.712900 
2290.473000; 1.216700 
2296.184000; 0.824000 
2297.828000; 0.853700 
2300.456000; 0.672200 
2307.504000; 3.619100 
2309.505000; 3.303400 
2311.506000; 3.611400 
2319.320000; 0.794300 
2325.168000; 2.752300 
2328.323000; 1.728200 
2332.242000; 3.180200 
2335.748000; 1.205700 
2336.319000; 1.634700 
2338.320000; 1.030800 
2340.309000; 1.342100 
2345.783000; 0.722800 
2347.784000; 0.846000 
2351.726000; 0.528100 
2356.046000; 1.256300 
2363.880000; 0.452200 
2367.822000; 0.859200 
2369.852000; -0.537800 
2373.721000; 0.461000 
2375.596000; 0.104600 
2381.236000; 2.884300 
2384.151000; 0.593000 
2386.052000; 1.030800 
2387.663000; 0.590800 
2389.539000; 1.168300 
2391.445000; 0.990100 
2395.319000; 1.264000 
2397.158000; 0.627100 
2399.750000; 3.087800 
2401.727000; 0.467600 
2403.676000; 1.819500 
2405.622000; 0.742600 
2407.512000; 0.747000 
2409.403000; 0.686500 
2414.884000; 1.492800 
2416.885000; 0.984600 
2418.886000; 1.288200 
2420.820000; 1.000000 
2424.790000; 1.642400 
2426.772000; 1.009900 
2429.079000; 3.657600 
2431.082000; 2.930500 
2433.004000; 3.229700 
2434.994000; 2.400300 
2436.994000; 2.892000 
2440.776000; 2.513600 
2444.609000; 2.892000 
2450.586000; 0.716200 
2452.566000; 1.137500 
2454.566000; 0.885600 
2458.082000; 3.780800 
2464.035000; 0.964800 
2466.027000; 1.622600 
2468.027000; 0.539100 
2473.320000; 3.940300 
2475.321000; 3.679600 
2477.322000; 4.070100 
2489.404000; 0.182700 
2490.530000; 1.047300 
2492.531000; 0.758000 
2496.402000; 2.722600 
2498.365000; 1.347600 
2500.211000; 2.315600 
2502.210000; 2.048300 
2505.936000; 4.881900 
2508.909000; -0.284800 
2512.911000; 1.730400 
2514.912000; 0.870200 
2517.029000; 2.816100 
2519.030000; 2.565300 
2522.956000; 3.885300 
2534.449000; 0.203600 
2535.878000; 0.357600 
2537.527000; 0.341100 
2543.193000; 0.019900 
2549.196000; 2.412400 
2553.196000; 0.917500 
2555.196000; 1.987800 
2557.807000; 0.959300 
2559.884000; 4.326400 
2563.884000; 1.573100 
2567.691000; 4.480400 
2568.499000; 3.654300 
2572.500000; 4.238400 
2574.490000; 3.302300 
2576.315000; 3.709300 
2578.136000; 3.477200 
2580.138000; 4.100900 
2584.140000; 1.944900 
2586.141000; 2.177000 
2588.142000; 0.813000 
2592.144000; 4.545300 
2600.148000; 1.843700 
2602.149000; 2.161600 
2610.155000; 1.053900 
2614.157000; 1.766700 
2616.158000; 1.478500 
2618.159000; 2.302400 
2622.161000; 1.718300 
2623.951000; 1.997700 
2624.436000; 1.722700 
2628.390000; 3.576200 
2630.963000; 0.767900 
2634.965000; 2.993200 
2636.966000; 0.792100 
2638.967000; 1.138600 
2640.968000; 0.895500 
2644.661000; 1.864600 
2648.663000; 1.007700 
2652.665000; 5.253700 
2654.666000; 2.882100 
2656.667000; 5.471500 
2658.454000; 5.107400 
2659.824000; 5.392300 
2661.308000; 4.544200 
2662.288000; 4.820300 
2664.072000; 1.970200 
2666.800000; 3.536600 
2670.802000; 3.048200 
2672.737000; 3.325400 
2677.766000; 1.713900 
2679.765000; 2.133000 
2681.652000; 1.909700 
2682.905000; 2.152800 
2687.178000; 1.292600 
2689.179000; 3.424400 
2699.584000; 0.139800 
2707.588000; 2.668700 
2709.060000; 1.359700 
2712.739000; 2.665400 
2714.137000; 0.775600 
2717.330000; 2.109900 
2721.241000; 1.301400 
2723.159000; 2.944800 
2726.285000; 1.058300 
2728.286000; 1.427900 
2730.287000; 0.771200 
2734.133000; 3.097700 
2736.074000; 1.804100 
2738.028000; 5.063400 
2739.316000; 4.803800 
2741.317000; 5.260300 
2744.971000; 1.639100 
2746.972000; 3.805000 
2748.972000; 3.524500 
2750.954000; 3.812700 
2752.813000; 3.400200 
2754.812000; 3.644400 
2756.300000; 3.279200 
2758.082000; 3.516800 
2758.574000; 3.267100 
2760.575000; 3.547600 
2762.811000; 0.518200 
2765.807000; 2.177000 
2770.117000; 0.139800 
2774.762000; 3.659800 
2777.084000; 1.099000 
2779.085000; 1.432300 
2779.911000; 0.531400 
2783.566000; 4.890700 
2785.462000; 0.413700 
2790.952000; 2.617000 
2796.110000; 0.327900 
2801.834000; 2.874400 
2803.756000; 2.188000 
2804.478000; 2.544400 
2808.480000; 1.574200 
2810.481000; 1.870100 
2816.484000; 0.881200 
2818.447000; 0.927400 
2820.448000; 0.745900 
2824.452000; 1.754600 
2826.453000; 1.748000 
2828.454000; 1.891000 
2830.455000; 0.555600 
2832.456000; 2.863400 
2836.458000; 1.341000 
2840.460000; 3.985400 
2842.461000; 0.419200 
2844.462000; 0.903200 
2846.464000; 0.659000 
2854.468000; 2.491600 
2856.469000; 1.088000 
2859.973000; 3.365000 
2861.504000; 1.882200 
2863.505000; 3.205500 
2865.506000; 1.906400 
2867.507000; 4.353900 
2869.508000; 0.258600 
2871.305000; 0.555600 
2873.301000; 0.322400 
2877.291000; 2.719300 
2881.801000; -0.103300 
2889.779000; 3.844600 
2895.364000; -0.157200 
2897.301000; 0.192600 
2898.628000; -0.108800 
2904.567000; 3.752200 
2914.419000; 0.639200 
2920.351000; 1.743600 
2922.307000; 1.160600 
2926.278000; 2.982200 
2930.061000; 1.677600 
2933.912000; 4.617900 
2935.756000; 2.028500 
2937.316000; 2.266100 
2940.470000; 0.925200 
2941.856000; 1.920700 
2943.771000; 1.269500 
2945.772000; 2.023000 
2950.501000; 1.550000 
2952.321000; 2.162700 
2954.436000; 0.737100 
2964.078000; 4.485900 
2967.793000; 1.011000 
2971.045000; 5.415400 
2973.271000; 1.389400 
2976.685000; 2.822700 
2976.831000; 1.927300 
2978.832000; 2.243000 
2979.671000; 1.379500 
2981.040000; 2.900800 
2982.889000; 1.387200 
2987.480000; 4.480400 
2991.482000; 1.341000 
2993.483000; 3.490400 
2995.353000; 1.444400 
2997.275000; 1.872300 
2999.187000; 1.477400 
3003.015000; 3.748900 
3010.577000; 0.483000 
3014.029000; 2.144000 
3019.448000; 0.500600 
3025.451000; 2.428900 
3029.453000; 1.734800 
3033.455000; 3.136200 
3039.458000; 0.511600 
3043.460000; 3.541000 
3046.929000; 1.184800 
3047.895000; 4.512300 
3051.808000; 0.853700 
3055.810000; 3.722500 
3062.698000; 0.920800 
3066.514000; 1.778800 
3068.461000; 1.547800 
3070.455000; 1.977900 
3072.323000; 1.052800 
3076.094000; 4.186700 
3080.080000; 0.898800 
3083.953000; 4.557400 
3087.889000; 1.581900 
3091.889000; 3.348500 
3093.889000; 0.888900 
3095.814000; 1.218900 
3097.758000; 0.986800 
3101.518000; 3.524500 
3103.517000; 0.927400 
3105.420000; 5.221800 
3107.415000; 4.862100 
3109.378000; 5.226200 
3111.373000; 1.709500 
3113.292000; 4.670700 
3115.248000; 4.383600 
3117.210000; 4.613500 
3120.968000; 2.442100 
3122.793000; 2.830400 
3126.023000; 1.005500 
3127.951000; 1.240900 
3129.945000; 0.943900 
3133.854000; 1.664400 
3140.035000; 1.176000 
3147.802000; 1.584100 
3149.803000; 1.452100 
3153.804000; 4.150400 
3155.760000; 1.597300 
3157.755000; 2.338700 
3159.708000; 1.099000 
3161.412000; 2.306800 
3166.774000; -0.199000 
3170.520000; 3.336400 
3174.479000; 0.734900 
3176.475000; 1.196900 
3178.457000; 0.973600 
3182.253000; 1.502700 
3185.702000; 1.083600 
3191.139000; 1.344300 
3192.868000; 1.105600 
3199.459000; 1.380600 
3201.958000; 1.157300 
3205.764000; 1.379500 
3211.768000; 1.255200 
3219.772000; 3.846800 
3223.774000; 1.145200 
3227.776000; 3.862200 
3229.777000; 2.230900 
3231.778000; 2.471800 
3233.779000; 1.778800 
3235.780000; 2.299100 
3239.782000; 1.056100 
3241.783000; 1.423500 
3243.784000; 0.906500 
3245.785000; 1.466400 
3249.618000; 0.706300 
3253.480000; 1.005500 
3255.467000; 0.853700 
3259.441000; 1.627000 
3259.555000; 1.073700 
3261.556000; 1.300300 
3263.557000; 0.978000 
3265.558000; 1.206800 
3271.359000; 0.742600 
3275.268000; 1.415800 
3283.272000; 0.622700 
3290.789000; 3.274800 
3292.736000; 1.709500 
3294.921000; 3.224200 
3300.162000; 1.262900 
3302.163000; 1.796400 
3306.165000; 0.501700 
3315.914000; 1.143000 
3319.786000; 0.907600 
3322.748000; 1.245300 
3324.749000; 1.199100 
3326.750000; 1.260700 
3334.706000; 0.764600 
3338.501000; 1.018700 
3338.755000; 0.971400 
3344.638000; 1.600600 
3346.550000; 1.056100 
3354.751000; 3.400200 
3356.750000; 2.291400 
3361.232000; 5.321900 
3363.233000; 4.878600 
3365.235000; 5.106300 
3367.236000; 4.722400 
3367.965000; 5.131600 
3369.966000; 4.364900 
3371.965000; 5.000700 
3373.909000; 4.342900 
3375.903000; 4.691600 
3379.421000; 0.979100 
3382.684000; 4.672900 
3384.685000; 4.344000 
3386.605000; 4.833500 
3388.592000; 4.595900 
3390.574000; 4.832400 
3392.518000; 4.295600 
3394.458000; 4.558500 
3395.430000; 4.105300 
3397.431000; 4.730100 
3399.373000; 4.045900 
3401.346000; 4.671800 
3403.346000; 4.132800 
3405.322000; 4.358300 
3407.270000; 3.151600 
3409.079000; 4.423200 
3411.066000; 3.897400 
3412.744000; 4.160300 
3414.035000; 3.850100 
3415.609000; 4.488100 
3417.216000; 3.852300 
3419.217000; 4.153700 
3420.539000; 3.780800 
3422.229000; 4.190000 
3424.230000; 1.558800 
3426.231000; 3.953500 
3428.232000; 3.512400 
3430.233000; 3.748900 
3432.234000; 3.266000 
3434.235000; 3.515700 
3436.236000; 3.197800 
3438.194000; 3.498100 
3440.188000; 3.017400 
3442.037000; 3.327600 
3446.433000; 0.655700 
3452.396000; 1.030800 
3454.297000; 0.972500 
3457.100000; 1.159500 
3461.093000; 0.767900 
3463.070000; 0.890000 
3465.064000; 0.851500 
3470.753000; 0.946100 
3472.754000; 0.903200 
3482.521000; 4.054700 
3484.472000; 3.740100 
3485.650000; 4.039300 
3487.651000; 3.744500 
3489.652000; 4.023900 
3491.615000; 3.047100 
3493.613000; 3.839100 
3498.522000; 0.577600 
3500.475000; 0.616100 
3506.374000; 0.237700 
3510.424000; 1.185900 
3512.424000; 1.075900 
3514.347000; 1.125400 
3518.240000; 0.304800 
3524.057000; 0.873500 
3524.191000; 0.861400 
3526.192000; 0.948300 
3530.118000; 0.909800 
3533.986000; 1.036300 
3535.947000; 0.699700 
3540.293000; 1.062700 
3548.273000; 0.531400 
3550.272000; 0.841600 
3552.245000; 0.810800 
3559.690000; 0.888900 
3561.644000; 0.821800 
3570.925000; 1.162800 
3572.926000; 0.921900 
3574.903000; 1.750200 
3576.883000; 1.193600 
3580.040000; 2.078000 
3585.936000; 0.967000 
3587.858000; 1.155100 
3591.791000; 0.452200 
3594.509000; 0.969200 
3596.510000; 0.599600 
3598.509000; 0.853700 
3600.491000; 0.828400 
3607.327000; 1.501600 
3610.517000; 1.181500 
3614.467000; 1.712800 
3618.464000; 1.185900 
3622.620000; 4.823600 
3624.581000; 4.600300 
3626.570000; 5.019400 
3628.538000; 4.746600 
3630.458000; 5.074400 
3632.312000; 4.555200 
3634.139000; 4.791700 
3636.117000; 4.065700 
3638.068000; 5.583700 
3640.069000; 5.347200 
3642.070000; 5.690400 
3644.071000; 5.316400 
3646.072000; 5.659600 
3647.721000; 5.208600 
3648.955000; 5.642000 
3650.956000; 5.286700 
3652.957000; 5.547400 
3654.095000; 4.025000 
3655.151000; 4.303300 
3656.981000; 3.344100 
3658.842000; 5.217400 
3660.838000; 4.694900 
3661.394000; 4.960000 
3663.395000; 0.826200 
3667.397000; 4.166900 
3669.181000; 3.715900 
3671.175000; 4.078900 
3673.174000; 3.394700 
3675.099000; 3.785200 
3676.274000; 3.047100 
3678.275000; 3.414500 
3680.242000; 2.984400 
3682.096000; 3.268200 
3683.613000; 2.855700 
3685.614000; 3.102100 
3689.602000; 1.026400 
3691.572000; 1.449900 
3693.540000; 0.524800 
3695.991000; 0.813000 
3697.992000; 0.616100 
3703.948000; 1.129800 
3705.927000; 0.896600 
3709.925000; 0.921900 
3715.463000; 0.562200 
3723.417000; 1.011000 
3725.418000; 0.938400 
3729.421000; 1.039600 
3737.425000; 0.764600 
3739.426000; 0.948300 
3743.428000; 0.841600 
3747.217000; 1.077000 
3753.765000; 0.535800 
3755.766000; 0.700800 
3759.768000; 0.453300 
3765.771000; 0.847100 
3767.772000; 0.819600 
3771.774000; 1.122100 
3773.775000; 1.081400 
3775.420000; 1.179300 
3777.099000; 1.156200 
3779.095000; 1.255200 
3784.431000; 0.826200 
3790.412000; 1.104500 
3794.276000; 0.725000 
3796.190000; 0.860300 
3798.115000; 0.760200 
3800.417000; 1.148500 
3803.911000; 0.836100 
3809.302000; 1.354200 
3810.932000; 1.192500 
3814.773000; 1.277200 
3818.454000; 0.786600 
3822.219000; 1.257400 
3823.933000; 0.913100 
3831.509000; 4.886300 
3833.493000; 4.605800 
3835.141000; 4.874200 
3836.684000; 4.502400 
3837.393000; 4.929200 
3838.877000; 4.364900 
3840.878000; 4.796100 
3842.879000; 4.480400 
3842.948000; 4.814800 
3844.949000; 4.303300 
3846.843000; 4.735600 
3848.592000; 4.389100 
3850.591000; 4.763100 
3852.255000; 4.116300 
3853.810000; 4.406700 
3855.810000; 4.139400 
3857.676000; 4.577200 
3859.513000; 4.075600 
3861.341000; 4.370400 
3863.149000; 4.050300 
3865.080000; 4.399000 
3866.916000; 3.807200 
3868.911000; 4.259300 
3870.544000; 3.516800 
3872.129000; 3.899600 
3873.767000; 3.642200 
3875.476000; 4.050300 
3877.216000; 3.721400 
3879.136000; 3.956800 
3880.959000; 0.732700 
3884.263000; 3.046000 
3885.747000; 2.454200 
3887.209000; 2.888700 
3888.637000; 2.237500 
3890.111000; 2.667600 
3891.500000; 2.299100 
3893.026000; 2.585100 
3894.545000; 2.161600 
3896.112000; 2.494900 
3897.622000; 1.684200 
3898.935000; 2.006500 
3900.596000; 1.388300 
3904.097000; 2.208900 
3905.725000; 1.694100 
3907.636000; 2.105500 
3909.345000; 1.481800 
3911.263000; 1.995500 
3913.074000; 0.986800 
3916.772000; 1.946000 
3918.700000; 1.390500 
3920.446000; 1.675400 
3924.029000; 0.136500 
3931.341000; 1.265100 
3933.098000; 0.998900 
3934.869000; 1.661100 
3940.615000; 0.825100 
3942.538000; 0.825100 
3946.359000; 1.178200 
3954.055000; 0.594100 
3963.758000; 1.101200 
3965.745000; 0.899900 
3969.208000; 1.212300 
3978.411000; 0.809700 
3980.281000; 0.865800 
3982.099000; 0.778900 
3985.883000; 1.080300 
3987.860000; 0.912000 
3989.714000; 0.942800 
3993.251000; 0.793200 
3994.872000; 1.110000 
3996.579000; 1.045100 
4002.088000; 4.015100 
4009.520000; 1.668800 
4011.425000; 3.715900 
4013.261000; 3.158200 
4015.211000; 3.431000 
4024.751000; 0.567700 
4030.697000; 1.053900 
4032.593000; 0.770100 
4042.326000; 1.184800 
4047.737000; 0.789900 
4053.237000; 1.232100 
4054.778000; 1.104500 
4056.645000; 1.361900 
4059.408000; 1.000000 
4066.847000; 1.499400 
4070.849000; 1.097900 
4072.850000; 1.130900 
4074.851000; 1.094600 
4084.856000; 1.588500 
4086.857000; 1.469700 
4092.860000; 1.855800 
4094.861000; 1.168300 
4096.862000; 1.304700 
4102.865000; 1.107800 
4104.866000; 1.389400 
4106.867000; 1.298100 
4110.869000; 2.857900 
4112.870000; 1.796400 
4116.872000; 2.672000 
4120.874000; 1.546700 
4124.876000; 2.565300 
4129.243000; 0.190400 
4135.586000; 1.259600 
4143.591000; 0.818500 
4145.592000; 1.643500 
4147.841000; 0.200300 
4151.844000; 1.017600 
4157.847000; 0.695300 
4161.849000; 1.904200 
4167.852000; 0.635900 
4169.853000; 0.898800 
4172.279000; 0.584200 
4176.523000; 0.957100 
4185.099000; 0.609500 
4189.101000; 1.363000 
4197.105000; -0.019700 
4205.109000; 2.267200 
4207.110000; 1.709500 
4209.111000; 2.335400 
4216.505000; 0.423600 
4218.193000; 0.784400 
4221.304000; 0.418100 
4223.837000; 1.435600 
4227.350000; 0.366400 
4235.354000; 4.172400 
4239.356000; 1.100100 
4243.358000; 4.340700 
4245.359000; 1.205700 
4249.361000; 3.728000 
4252.933000; 2.417900 
4254.867000; 3.588300 
4256.830000; 2.317800 
4258.589000; 3.750000 
4260.564000; 1.101200 
4262.107000; 3.677400 
4265.812000; 0.751400 
4267.231000; 0.975800 
4269.050000; 0.675500 
4272.769000; 2.115400 
4274.350000; 1.779900 
4277.813000; 2.997600 
4283.168000; 1.181500 
4284.440000; 1.199100 
4285.705000; 1.084700 
4289.142000; 4.391300 
4293.218000; 0.745900 
4295.219000; 0.984600 
4299.221000; 0.442300 
4303.223000; 1.526900 
4305.224000; -0.041700 
4313.228000; 2.120900 
4317.052000; 1.367400 
4320.913000; 1.932800 
4322.870000; 1.652300 
4325.670000; 2.587300 
4331.424000; 0.725000 
4334.970000; 1.132000 
4336.340000; 0.972500 
4339.976000; 3.588300 
4343.387000; 0.714000 
4345.388000; 1.613800 
4347.332000; 1.035200 
4349.333000; 5.229500 
4352.267000; 1.042900 
4356.269000; 4.275800 
4361.662000; 0.044100 
4368.851000; 5.213000 
4372.709000; 2.287000 
4376.449000; 3.017400 
4378.450000; 0.622700 
4380.451000; 1.515900 
4382.452000; 1.258500 
4384.297000; 1.524700 
4388.139000; 0.302600 
4392.035000; 2.277100 
4395.778000; 0.374100 
4405.071000; 2.733600 
4410.190000; 1.247500 
4414.162000; 3.777500 
4416.163000; 2.168200 
4418.164000; 3.515700 
4420.165000; 2.085700 
4422.166000; 2.805100 
4424.167000; 1.058300 
4428.169000; 4.031600 
4432.171000; 1.460900 
4434.172000; 2.479500 
4440.176000; 1.243100 
4444.178000; 5.239400 
4448.180000; 0.652400 
4452.182000; 1.222200 
4454.183000; 1.018700 
4456.184000; 1.606100 
4464.188000; 0.313600 
4468.190000; 1.031900 
4470.191000; 0.594100 
4474.193000; 1.819500 
4478.195000; 0.176100 
4484.198000; 3.977700 
4486.199000; 1.269500 
4488.200000; 2.378300 
4490.201000; 1.077000 
4492.202000; 1.413600 
4494.203000; 0.692000 
4500.206000; 5.173400 
4502.207000; 1.014300 
4504.208000; 4.583800 
4506.209000; 4.361600 
4508.210000; 4.657500 
4510.211000; 4.305500 
4512.212000; 4.570600 
4514.213000; 4.258200 
4516.214000; 4.479300 
4518.215000; 4.201000 
4520.216000; 4.523300 
4522.217000; 4.241700 
4524.218000; 4.468300 
4526.220000; 1.756800 
4530.222000; 3.249500 
4534.224000; 1.438900 
4536.225000; 2.111000 
4540.227000; 1.308000 
4542.228000; 2.304600 
4544.229000; 1.940500 
4546.230000; 4.638800 
4548.231000; 4.217500 
4550.232000; 5.118400 
4554.234000; 1.001100 
4556.235000; 4.543100 
4558.236000; 4.191100 
4560.237000; 4.445200 
4562.240000; 4.080000 
4564.241000; 4.331900 
4566.242000; 1.748000 
4568.243000; 3.414500 
4572.245000; 1.214500 
4574.246000; 1.578600 
4576.247000; 1.291500 
4578.248000; 2.035100 
4580.249000; 1.213400 
4582.250000; 2.102200 
4584.251000; 1.391600 
4588.255000; 4.634400 
4590.256000; 2.153900 
4592.257000; 3.530000 
4594.258000; 3.171400 
4596.259000; 4.829100 
4598.260000; 4.532100 
4600.261000; 4.797200 
4602.262000; 4.532100 
4604.263000; 5.144800 
4608.265000; 2.041700 
4612.267000; 4.796100 
4616.269000; 2.544400 
4618.270000; 2.944800 
4622.272000; 1.309100 
4632.277000; 3.718100 
4634.278000; 3.410100 
4636.279000; 3.797300 
4638.280000; 3.516800 
4640.281000; 3.767600 
4644.283000; 1.298100 
4646.284000; 1.408100 
4650.286000; 1.151800 
4652.287000; 1.281600 
4654.288000; 0.769000 
4656.289000; 0.835000 
4658.290000; 0.534700 
4664.293000; 4.753200 
4668.296000; 0.395000 
4674.299000; 4.778500 
4676.300000; 1.486200 
4678.301000; 2.533400 
4680.302000; 2.189100 
4682.303000; 2.520200 
4690.307000; 0.662300 
4694.309000; 4.286800 
4696.310000; 0.387300 
4698.311000; 5.695900 
4700.312000; 5.077700 
4702.315000; 5.306500 
4704.316000; 0.707400 
4710.319000; 4.962200 
4712.320000; 0.959300 
4714.321000; 4.212000 
4716.322000; 3.845700 
4718.323000; 4.396800 
